1;1;1;1;1/1/2017;3/1/2017;1/1/1;1.00;1;0.00;1;
2;1;1;1;4/1/2017;6/1/2017;1/1/1;1.00;1;0.00;1;
3;1;1;1;2/1/2017;6/1/2017;1/1/1;1.00;1;0.00;1;
4;1;1;1;1/1/2017;4/1/2017;1/1/1;1.00;1;0.00;1;
5;1;1;1;1/1/2017;1/1/2017;1/1/1;1.00;1;0.00;1;
6;1;1;1;1/1/2017;8/1/2017;1/1/1;1.00;1;0.00;1;
7;1;1;1;1/1/2017;30/1/2017;1/1/1;1.00;1;0.00;1;
8;1;1;1;1/1/2017;30/1/2017;0/0/0;0.00;0;0.00;0;
9;1;1;1;1/1/2017;30/1/2017;0/0/0;0.00;0;0.00;0;
10;1;1;1;1/2/2017;1/2/2017;1/1/1;1.00;1;0.00;1;
11;1;1;2;1/1/2017;30/1/2017;1/1/1;1.00;1;0.00;1;
